# v1.9.87 修复②：729 件伪详情(在架, detail_json 缺 address) 番号清单
# 用法: python tools/refresh_by_no.py --file tools/_pseudo_detail_nos.txt
300138151513
100140732317
100140183794
300136924430
300140679134
100116962412
100118611592
100133616406
100134787894
100140645405
100140601542
100140601200
100140234890
100139959523
300139998845
300138446314
300140734296
300139346089
300140734528
100140797884
300140809229
300140809096
300140808540
300140808232
300140808123
300140808074
300140016310
300139157077
300140353043
300140810625
300140810130
300140809760
300140809756
300140809755
300140809754
300140809753
300140809752
300140809750
300140809749
300140809372
300140809253
300140809246
300140809183
300140809182
300140808818
300140808747
300140808707
100140808630
300140808116
300140808555
300140808152
300140808136
300140807990
300138982155
300140519117
100139709431
300139852411
300140488976
300140680067
300138936699
100139818429
300139786224
300140589174
300140589188
300139101005
300140144018
300138377564
300138417690
300138732269
300138945347
300138816227
300139121555
300139150653
300139590123
300139669059
300140344566
300140644665
300140580336
300140397557
300135369712
300135369706
300137983190
300138717107
300135369703
300139172329
300139172514
300139214989
300139654322
300140127130
300140127167
300140123988
300140407445
300140449797
300140485651
300136134726
300140580453
300140617429
300140617368
300140263688
300139543589
300137252124
300140818688
300140818702
100140818665
300140818652
300140540930
300140525329
300138474904
300140140983
300139989292
300140183436
300140183409
300140183375
300137467495
300140358223
300136582570
300137561697
300138700782
300138743625
300139805876
300140819575
300140819213
100140819209
100140819205
300140507615
300139789402
100139285517
300133190161
300140003305
300140561955
300140162283
300140819927
300140819620
300140355632
300138130550
300139264656
300140820786
300140820785
300140820112
300140820056
100140820044
300140820041
100140820016
300140819995
300140819978
300140819768
100140819659
300139452704
300139882372
300139936653
300137333128
300139644024
300140460948
300140820933
300140614876
300140821338
300139689237
300139400332
100136486264
300140827397
300140827283
100140203948
300140827492
300140827491
100140827390
300140827374
300140683649
300140483534
300139786216
300140019357
300140828158
300140827637
300140301148
300140533680
300140110202
300140827795
300140827677
300140827670
300140827668
300140827667
300140827653
300140827649
300140827619
300140827616
300140827584
300140827571
300140827557
300140827539
300140546599
100139356318
300138652553
300140480642
300136586427
300140429127
300139890169
300140828247
300138816939
300134928154
300139796292
300140828878
300140828819
300140828795
300140828445
300140828340
300140545314
300140076653
300139821831
300140503520
300132492557
300139495657
300138657230
300138657229
300138634302
300140087319
300140116269
300137009574
300139917115
300140447036
300139334932
300139681726
300140550129
300140829354
300140829044
300140828955
100135808052
100137695433
300139548033
300140168601
300140829007
100140829526
300140829477
300140829476
300140829286
300140829226
300140829109
300140026788
300139644256
100140837792
300140494543
300140844679
300140845819
300140845815
300140845803
300140845528
300140844599
300140844593
300140844519
300140456501
100140187347
300138933342
300140845555
300140846810
300140846336
300140845986
300140059862
300140299546
300140096325
300137629660
100140847230
300140847107
300140846767
100140846968
300140846845
300140846798
300140846772
300140846766
300140846663
100140846617
300140846556
300140846474
300140846473
300140846472
300140846362
300140846322
300140846273
300140846264
300140845984
300137936927
100139826823
300137614382
100139820887
300140053393
300140502440
300139682398
300139826425
300139795567
300140217108
300139808827
300139494834
300136065711
300140096316
300139263148
300139271741
300138512051
300139271740
300140434568
300137310295
300140255339
300140848537
300140847998
300140847964
300140847928
300140847915
300140847762
300140847735
300140847670
300140107360
300140107154
300139729578
300139692401
300139134886
300138656719
300137713617
300135268658
300140507771
300138566112
300139835893
100140848080
300140849125
300140849105
300140848788
300140848787
300140848786
300140848785
300140848784
300140848783
300140848678
300140848677
300140848649
300140848197
300140848259
100140848249
300140848082
100140847977
300140847944
300140847903
300140847857
300140847768
300140847682
300140847666
100140847586
300139200932
300140393372
300137720201
300139059229
300139987488
300140397658
300138884512
100139927274
300140658287
300139550003
300139418339
300138763352
300139712185
300140205448
300140605748
300140829058
300140086367
300138844570
300138878851
300140060779
300138878844
300134041316
300138753905
300140849686
300138838678
300140110631
300140489087
300136063198
100140850614
100140850593
100140850587
100140850580
100140850579
100140850568
100140850567
300140850472
300140850419
300140850047
300140850042
300140850036
300140849644
100140849507
300140849226
300140849380
300140849229
300121366677
300118687385
300129614943
300136659644
300140829762
300140170949
300140288351
300140632342
300139976052
300139075332
300140056960
300139570190
300140853055
300140851932
300140851510
300140853985
300140853972
300140853285
300140853229
300140853214
300140853201
300140853119
300140852925
300140851958
300140851138
300137431812
300137242506
300140274801
300140289439
300140165052
300140454192
100140475295
300137474694
300138752500
300130426373
300136783098
300139083933
300139226199
300140241317
300139692358
300136935709
300135542986
100140854301
300140854107
100140854099
300140853959
300140853926
300140853889
300140853322
300140853371
300140855191
300140350934
300139807452
300140204788
300137449434
300140430895
300140078938
300138528944
300140853334
300139513916
300140357205
300138767160
300140331705
300139969660
100139186467
300140046437
300140645355
300139831949
300139846512
300139834781
300139773358
300138788733
100132246315
300138506483
300136606417
300138344534
300139995080
300140180080
300139805353
300139410777
300140618974
300138610887
300140369829
300140045218
300136536355
300140181313
300140852381
300138219377
100138076357
300140675781
300140438698
300136808225
300134804242
300140165712
300139033205
300139128949
300139792010
300140545093
300139821636
300139541152
300139541154
300139541153
100138716610
100138582024
100138765834
300140297945
300140429163
300140356636
300140184145
300137309808
300140519890
300136807055
300136808213
300136807069
100139573285
300138696290
300139080171
300140500684
300139708920
300140500605
300140854670
300140856704
300140855489
300140855391
300140855035
300140854761
300138807467
300140152609
300138679767
300138593809
300138371161
300137941872
300140589903
300140378471
300139562919
300137067391
300140078962
300138718206
300139811687
100140856759
300140856708
300140856690
300140856284
300140856283
300140856282
300140856281
300140855791
300140855786
300140855731
300140855689
300140855596
100140855540
300140855261
100140855102
100140855092
100140854998
300140854966
300140854958
300140854774
300140854356
300134917623
300136102715
300137264740
300138211210
300139975995
300140857319
300140856808
300140856807
300140453772
300139347465
300140057185
300140861801
300140861292
300140859890
300140859470
300140859326
300138706605
300140859889
300140859887
300140859826
100140859289
300140857896
300140857991
300140857959
300140857958
300140857957
300140857939
300140857914
300140857912
300140857608
300140857607
300140105997
300140105996
300140114268
300140105987
300140286418
300139548044
300138822514
300138705395
300139713976
300139695159
300139798888
300138610583
300139798887
300140006181
300140282481
300140172190
300140172187
100139342226
100139342225
300140251297
300136593754
300140863653
300140862402
300140862287
300140862249
300140861913
300139872654
300139868726
300140556308
300140506140
300137679293
300137694418
300140555182
300140106003
300140863815
300140863768
300140863757
300140863741
300140863678
100140863626
100140863622
300140863177
300140863125
300140863097
300140863086
300140862488
300140862326
300140862039
300140862038
300140862034
300140862033
300140862032
300125899028
300140353259
300140557579
300138766116
300139677092
300139057900
300135658784
300138370289
300139860246
300140863928
300140863946
300140863989
300140863864
300137309406
100139907288
300140454348
300140865009
300140865005
300140865002
300140865001
300140864991
300140864957
300140864943
300140864919
300140864918
300140864911
300140864898
300140864890
300140864880
300140864526
300140864525
300140864480
300140864467
300140864410
300140864384
300140864307
300140864211
300140864157
300140864096
300140863999
300140863871
300140863843
300140863825
100137323344
300139810667
300140583349
300137510172
300136868204
300140561913
300139685504
300140620806
100140355751
300138634182
300138634276
300138617292
300139828212
300138977703
300139771872
300139998897
300138857311
300140384545
300140079302
300139835786
300139362582
300139517551
300136090447
300140586618
300140604473
300140866241
300140865451
300140587787
300139873106
300137017961
300140866324
300140866321
300140866130
300140866008
300140866088
300140866072
300140866042
300140865774
300140865433
300140865452
300140865290
300140865214
100140865124
300140588713
100140405592
300140587677
300138282470
300140587524
300138270489
300140278553
300139844859
300140502732
300140502748
300139967541
300140135784
300137651815
300140586644
