300138151513,19500000
100140732317,129900000
100140183794,11000000
300136924430,91800000
300140679134,180000000
100116962412,6000000
100118611592,4400000
100133616406,4200000
100134787894,15000000
100140645405,10500000
100140601542,25500000
100140601200,18000000
100140234890,19700000
100139959523,16800000
300139998845,45800000
300138446314,99800000
300140734296,9200000
300139346089,548000000
300140734528,49800000
100140797884,105000000
300140809229,74800000
300140809096,42500000
300140808540,30800000
300140808123,24000000
300140808074,79800000
300140016310,28000000
300139157077,20800000
300140353043,59800000
300140810625,6300000
300140810130,89000000
300140809760,40800000
300140809756,27800000
300140809755,53800000
300140809754,28800000
300140809753,26800000
300140809752,22800000
300140809750,35800000
300140809749,42800000
300140809372,64900000
300140809253,34900000
300140809246,69800000
300140809183,7000000
300140808818,17000000
300140808747,41800000
300140808707,21800000
100140808630,116800000
300140808116,198000000
300140808152,34900000
300140808136,11800000
300140807990,115000000
300138982155,29800000
300140519117,22980000
100139709431,45800000
300139852411,13800000
300140488976,14800000
300140680067,23800000
300138936699,99800000
300139786224,43800000
300140589174,18000000
300140589188,18200000
300139101005,28800000
300140144018,64800000
300138377564,29900000
300138417690,22900000
300138732269,32900000
300138945347,28900000
300138816227,30900000
300139121555,36900000
300139150653,34900000
300139590123,37900000
300140344566,77000000
300140644665,75800000
300140580336,106000000
300140397557,130000000
300135369712,16800000
300135369706,61800000
300137983190,20900000
300138717107,19900000
300135369703,18000000
300139172329,27900000
300139172514,25900000
300139214989,30900000
300139654322,22900000
300140127130,17900000
300140127167,19900000
300140123988,20900000
300140407445,35900000
300140449797,31900000
300140485651,24900000
300136134726,195000000
300140580453,23900000
300140617429,21900000
300140617368,42900000
300140263688,105800000
300139543589,153000000
300137252124,177000000
300140818702,73800000
100140818665,6250000
300140818652,142500000
300140540930,55800000
300140525329,103000000
300138474904,77800000
300140140983,74800000
300139989292,9800000
300140183436,6500000
300140183409,6500000
300140183375,3500000
300137467495,5900000
300140358223,25800000
300136582570,32800000
300137561697,24800000
300138700782,27800000
300138743625,12800000
300139805876,12800000
300140819575,32800000
300140819213,26800000
300140507615,57800000
300139789402,35800000
100139285517,49800000
300133190161,158000000
300140003305,10800000
300140561955,110000000
300140162283,25980000
300140819927,39800000
300140819620,44800000
300140355632,3800000
300138130550,14900000
300139264656,18800000
300140820112,55500000
300140820056,28800000
100140820044,17000000
300140820041,41800000
100140820016,19800000
300140819995,129800000
300140819978,11100000
300140819768,128000000
100140819659,59990000
300139452704,31800000
300139882372,23800000
300139936653,35980000
300137333128,165000000
300139644024,19000000
300140460948,19800000
300140820933,11800000
300140614876,52800000
300140821338,37800000
300139689237,43900000
300139400332,71800000
100136486264,9500000
300140827397,47800000
300140827283,18800000
100140203948,24800000
300140827492,129800000
300140827491,68800000
300140827374,34980000
300140683649,32500000
300140483534,62800000
300139786216,125000000
300140019357,97800000
300140828158,32000000
300140827637,24800000
300140301148,12800000
300140533680,4980000
300140110202,4980000
300140827795,448000000
300140827677,23000000
300140827670,20600000
300140827668,20500000
300140827667,6000000
300140827653,24100000
300140827649,24400000
300140827619,19300000
300140827616,64980000
300140827584,60000000
300140827571,20900000
300140827557,32800000
300140827539,91800000
300140546599,32800000
100139356318,47900000
300138652553,29800000
300140480642,84800000
300136586427,19000000
300140429127,9500000
300139890169,35800000
300140828247,35800000
300138816939,53800000
300134928154,79000000
300139796292,13500000
300140828878,96800000
300140828819,54900000
300140828795,26000000
300140828445,28800000
300140545314,62000000
300140076653,77900000
300139821831,39900000
300140503520,35800000
300132492557,105500000
300139495657,15800000
300138657230,18900000
300138657229,19900000
300138634302,18000000
300140087319,58800000
300140116269,37980000
300137009574,11500000
300139917115,59980000
300140447036,78800000
300139334932,72800000
300139681726,132000000
300140550129,29500000
300140829044,5800000
300140828955,37980000
100135808052,56400000
100137695433,16500000
300139548033,37500000
300140168601,14800000
300140829007,26000000
100140829526,75000000
300140829477,99800000
300140829476,19200000
300140829286,25800000
300140829226,19800000
300140829109,18200000
300140026788,114800000
100140837792,21500000
300140494543,35000000
300140844679,5000000
300140845819,11380000
300140845815,11980000
300140845803,13980000
300140845528,61800000
300140844599,18800000
300140844593,81900000
300140844519,28800000
300140456501,99980000
300138933342,188000000
300140845555,59800000
300140846810,37800000
300140846336,38800000
300140845986,220000000
300140059862,17000000
300140299546,25000000
300140096325,17000000
300137629660,34980000
100140847230,17300000
300140847107,199800000
300140846767,8300000
100140846968,19990000
300140846845,56500000
300140846798,26500000
300140846772,22000000
300140846766,16500000
300140846663,34000000
100140846617,94900000
300140846556,138000000
300140846474,41800000
300140846473,82800000
300140846472,54800000
300140846362,10400000
300140846322,58000000
300140846273,11500000
300140846264,6500000
300140845984,69800000
300137936927,37900000
100139826823,42900000
300137614382,23800000
100139820887,23500000
300140053393,15000000
300140502440,89800000
300139826425,40490000
300139795567,67990000
300140217108,51990000
300139808827,74990000
300139494834,37990000
300136065711,6000000
300140096316,54900000
300139263148,65800000
300139271741,123000000
300138512051,105000000
300139271740,150000000
300140434568,80000000
300137310295,91800000
300140255339,33500000
300140848537,28800000
300140847998,8800000
300140847964,13800000
300140847928,33800000
300140847915,48800000
300140847762,41800000
300140847735,26800000
300140847670,39800000
300140107360,41800000
300140107154,26800000
300139729578,65800000
300139692401,129000000
300139134886,14680000
300138656719,46800000
300137713617,13000000
300135268658,43800000
300140507771,45800000
300138566112,44800000
300139835893,38500000
100140848080,168000000
300140849125,62000000
300140849105,19000000
300140848788,18980000
300140848787,47980000
300140848786,24980000
300140848785,48980000
300140848784,32980000
300140848783,32980000
300140848678,42900000
300140848677,39900000
300140848649,70800000
300140848197,34800000
300140848259,86800000
100140848249,54900000
300140848082,22800000
100140847977,15300000
300140847944,51800000
300140847903,620000000
300140847857,5800000
300140847768,14000000
300140847682,119800000
300140847666,26800000
100140847586,17000000
300139200932,22800000
300140393372,92800000
300137720201,399000000
300139059229,17000000
300139987488,26800000
300140397658,19900000
300138884512,24800000
100139927274,54900000
300140658287,120000000
300139550003,119800000
300139418339,278000000
300138763352,58500000
300139712185,6000000
300140205448,87000000
300140605748,25800000
300140829058,29800000
300140086367,158000000
300138844570,7500000
300138878851,35800000
300140060779,78000000
300138878844,17900000
300134041316,12300000
300138753905,34800000
300140849686,55800000
300138838678,62800000
300140110631,34900000
300140489087,69800000
300136063198,24800000
100140850614,20300000
100140850593,16900000
100140850587,79990000
100140850580,84990000
100140850579,69990000
100140850568,20300000
100140850567,69990000
300140850472,39800000
300140850419,26800000
300140850047,67800000
300140850042,64900000
300140850036,36800000
300140849644,9500000
100140849507,79800000
300140849226,49800000
300140849380,29490000
300140849229,28800000
300121366677,9800000
300118687385,4400000
300129614943,61000000
300136659644,12000000
300140829762,114000000
300140170949,298000000
300140288351,109800000
300140632342,44300000
300139976052,77800000
300139075332,31800000
300140056960,5800000
300139570190,118000000
300140853055,32800000
300140851932,59800000
300140851510,53800000
300140853985,108000000
300140853972,26400000
300140853285,12000000
300140853229,8600000
300140853214,48800000
300140853201,11800000
300140853119,54800000
300140852925,31900000
300140851958,15000000
300140851138,26800000
300137431812,56500000
300137242506,45000000
300140274801,27800000
300140289439,21800000
300140165052,129800000
300140454192,15400000
100140475295,30800000
300137474694,17800000
300138752500,54800000
300130426373,35800000
300136783098,12000000
300139083933,38800000
300139226199,14800000
300140241317,136000000
300139692358,26800000
300136935709,19800000
300135542986,11000000
100140854301,15000000
300140854107,30800000
100140854099,18500000
300140853959,34980000
300140853926,99800000
300140853889,28800000
300140853322,38900000
300140853371,24900000
300140855191,59800000
300140350934,35000000
300139807452,35980000
300140204788,21200000
300137449434,39800000
300140430895,35800000
300140078938,67600000
300138528944,55800000
300140853334,73800000
300139513916,21800000
300140357205,16100000
300138767160,98000000
300140331705,8400000
300139969660,58800000
100139186467,10900000
300140645355,47800000
300139831949,158000000
300139846512,24000000
300139834781,145000000
300139773358,56800000
300138788733,128000000
100132246315,12800000
300138506483,175000000
300136606417,74200000
300138344534,115000000
300139995080,54800000
300140180080,47800000
300139805353,21000000
300139410777,34800000
300140618974,35800000
300138610887,6000000
300140369829,47980000
300140045218,67980000
300136536355,4900000
300140181313,25990000
300140852381,43800000
300138219377,17800000
100138076357,29800000
300140675781,52800000
300140438698,178000000
300136808225,400000000
300134804242,139000000
300140165712,34800000
300139033205,160000000
300139128949,84900000
300139792010,118000000
300140545093,36900000
300139541152,19700000
300139541154,19500000
300139541153,22400000
100138716610,19900000
100138582024,36000000
100138765834,18900000
300140297945,78800000
300140429163,64800000
300140356636,55980000
300140184145,53980000
300137309808,22800000
300140519890,79800000
300136807055,110000000
300136808213,110000000
300136807069,80000000
100139573285,12500000
300138696290,11200000
300139080171,10500000
300140500684,7500000
300139708920,77900000
300140500605,15900000
300140856704,6500000
300140855489,34900000
300140855391,39900000
300140855035,74800000
300140854761,19800000
300138807467,24900000
300140152609,10500000
300138679767,55000000
300138593809,32800000
300138371161,55000000
300137941872,43800000
300140589903,25800000
300140378471,11500000
300139562919,41800000
300137067391,29800000
300140078962,258000000
300138718206,30000000
300139811687,14300000
100140856759,19000000
300140856708,57980000
300140856690,15000000
300140856284,34800000
300140856283,46800000
300140856282,51800000
300140856281,44800000
300140855791,600000000
300140855786,49990000
300140855731,54800000
300140855689,42800000
300140855596,17500000
100140855540,8980000
300140855261,16980000
100140855102,64990000
100140855092,74990000
100140854998,89500000
300140854966,11000000
300140854958,11500000
300140854774,56800000
300140854356,46800000
300134917623,4300000
300136102715,23500000
300137264740,29800000
300138211210,83000000
300139975995,49800000
300140857319,42800000
300140856808,32980000
300140856807,34980000
300140453772,34000000
300139347465,54800000
300140057185,8900000
300140861801,11000000
300140861292,68000000
300140859890,29800000
300140859470,31800000
300140859326,23800000
300138706605,32800000
300140859889,154800000
300140859887,47500000
300140859826,5980000
100140859289,95000000
300140857896,142800000
300140857991,720000000
300140857959,34800000
300140857958,57600000
300140857957,179800000
300140857939,54900000
300140857914,84800000
300140857912,238000000
300140857608,18800000
300140857607,19800000
300140105997,72600000
300140105996,78000000
300140114268,22400000
300140105987,15500000
300140286418,89800000
300139548044,31000000
300138822514,28990000
300138705395,27360000
300139713976,35800000
300139695159,288000000
300139798888,7000000
300138610583,39800000
300139798887,45800000
300140006181,35800000
300140282481,14800000
300140172190,19400000
300140172187,33000000
100139342226,28000000
100139342225,28000000
300140251297,24800000
300136593754,17900000
300140863653,8500000
300140862402,27990000
300140862287,27990000
300140862249,36990000
300140861913,34990000
300139872654,36800000
300139868726,26500000
300140556308,56000000
300140506140,63800000
300137679293,15900000
300137694418,82000000
300140555182,47000000
300140106003,39600000
300140863815,64900000
300140863768,20800000
300140863757,119000000
300140863741,22800000
300140863678,10550000
100140863622,17400000
300140863177,16800000
300140863125,43980000
300140863097,176000000
300140863086,171000000
300140862488,17500000
300140862326,36980000
300140862039,25800000
300140862038,59800000
300140862034,19900000
300140862033,59800000
300140862032,51800000
300125899028,24500000
300140353259,4900000
300140557579,27380000
300138766116,4600000
300139677092,37800000
300139057900,54800000
300135658784,6900000
300138370289,43800000
300139860246,17600000
300140863928,15800000
300140863946,37800000
300140863989,44800000
300140863864,21800000
300137309406,45000000
100139907288,6300000
300140454348,7700000
300140865009,5000000
300140865005,76800000
300140865002,99800000
300140865001,5000000
300140864991,19600000
300140864957,168000000
300140864943,4600000
300140864919,20500000
300140864918,28800000
300140864898,130000000
300140864890,130000000
300140864880,45800000
300140864526,33980000
300140864525,19980000
300140864480,17500000
300140864467,24800000
300140864410,153000000
300140864384,6500000
300140864307,20500000
300140864211,53800000
300140864157,19000000
300140864096,69900000
300140863999,18000000
300140863871,17400000
300140863843,44800000
300140863825,20000000
100137323344,17300000
300139810667,44990000
300140583349,20680000
300137510172,110000000
300136868204,32900000
300140561913,21480000
300139685504,238000000
300140620806,17780000
100140355751,33500000
300138634182,92000000
300138634276,178200000
300138617292,64800000
300139828212,74800000
300138977703,15800000
300139771872,36800000
300139998897,76000000
300138857311,7300000
300140384545,80800000
300140079302,79800000
300139835786,8800000
300139362582,29980000
300139517551,24000000
300136090447,6800000
300140586618,19780000
300140604473,19780000
300140866241,18800000
300140865451,24800000
300140587787,27080000
300139873106,12850000
300137017961,17980000
300140866324,42800000
300140866321,129800000
300140866130,33800000
300140866008,35990000
300140866072,59000000
300140866042,14800000
300140865774,32000000
300140865433,125000000
300140865452,48800000
300140865290,19800000
300140865214,21800000
100140865124,66990000
300140588713,22680000
100140405592,134990000
300140587677,15380000
300138282470,39800000
300140587524,13780000
300138270489,41800000
300140278553,99800000
300140502732,458000000
300140502748,398000000
300139967541,20800000
300140135784,39800000
300137651815,39800000
300140586644,28380000
300139758583,198000000
300140866798,21430000
100140866760,12800000
300139462342,21000000
300140866619,9800000
300139776612,20800000
