# REINS 売一戸建 90件（大阪市）权威快照 2026-09-25
# 格式: 物件番号,価格(万円),No.  —— 用于与本地 data/jproperty.db 逐条比对
# 注: 用户复制的两段中，第二段 No.51-63 与第一段 No.38-50 内容重复（分页重叠），已去重
300139041004,3680,1
300138807467,2490,2
300139962453,7280,3
300139408143,12300,4
300140865451,2480,5
300135246457,2680,6
300137341598,3650,7
300140574857,5280,8
300140378471,1150,9
300140152609,1050,10
300134826546,7500,11
300136113320,3900,12
300137956419,2800,13
300140484974,1480,14
300137309406,4500,15
100139907288,630,16
300140454348,770,17
300140863928,1580,18
300138843576,12000,19
300140072902,3780,20
300135990808,2980,21
300140210731,6800,22
300140584020,5980,23
300139730214,3480,24
300138617167,4980,25
300138161143,4180,26
300135957732,39800,27
300139805268,1380,28
300140717296,9980,29
300140863946,3780,30
300140863989,4480,31
300140863864,2180,32
300140356264,2500,33
300140857319,4280,34
100140452733,4080,35
300140600812,1680,36
300139630886,3580,37
300140773617,4380,38
300139872654,3680,39
300140863653,850,40
300139868726,2650,41
300139735314,2980,42
300139945515,1490,43
300136065467,3980,44
300140556308,5600,45
300140506140,6380,46
300138968124,3680,47
300140608240,3500,48
300139830827,4280,49
300135492115,1945,50
300138081089,1650,64
300138399127,5980,65
300138599464,1680,66
300139176256,1730,67
300140617388,3980,68
300140464709,4380,69
300139581479,600,70
300140659285,1380,71
300140659121,1500,72
300137679293,1590,73
300140464714,4580,74
300137694418,8200,75
300140089100,6280,76
300137730366,3880,77
300138056976,1980,78
300138294212,4180,79
300138927183,4980,80
300138927155,4980,81
300140555182,4700,82
300139963609,5280,83
300140555163,4200,84
300123448894,3890,85
300140862402,2799,86
300139683662,5499,87
300140862287,2799,88
300140862249,3699,89
300140072728,6299,90
